-3.278407825e-32
-4.093086452e-32
-0.001460575896
-2.707248636e-32
-0.00098482682
-0.00114364966
-2.104283997e-32
-5.000413012e-32
-0.001649995309
-0.005352419751
-0.00271305079
-0.00221526361
-0.0008474357632
-0.002087831805
-0.001584537313
-0.0008107702723
-1.659743978e-32
-5.992167271e-32
-0.00166784283
-0.005871670703
-0.006248625522
-0.003720873618
-0.005312686964
-0.003968064985
-0.001594636408
-0.002604277065
-0.00204533649
-0.001157107301
-0.0005609337935
-1.193654948e-32
-7.301472424e-32
-0.003754858012
-0.005210545842
-0.006653601164
-0.004857080476
-0.004100981264
-0.004761575541
-0.00891435102
-0.005661345389
-0.001949542889
-0.003682364813
-0.003050062365
-0.001878490663
-0.0009416669459
-0.0004662614493
-8.181264244e-33
-8.649660336e-32
-0.004117021314
-0.005579604035
-0.006673941854
-0.01146962357
-0.00560093771
-0.006480990722
0
-0.005504252106
-0.007759020831
-0.01051965634
-0.006314852353
-0.002822636362
-0.003828542048
-0.001490516989
-0.0007668320116
-0.0006928902979
-0.0003773811341
-4.719311101e-33
-0.007892542386
-0.004532312078
-9.989463773e-32
-0.003272348575
-0.01257123656
8.881784197e-16
-0.01540930288
-0.008768097036
-0.02068245782
-1.33226763e-15
-0.01309869187
-0.004089927579
-0.002856853954
-0.001486218673
-0.0008411351447
-0.0007008673239
-0.000207427745
-1.030705223e-33
-0.006199452119
-0.003869527931
-0.008286403224
-1.123057089e-31
-0.004363411282
-0.006814624443
-0.01046257008
-0.01993642627
0
-0.01254346366
0
-0.001752971889
-0.001875113374
-6.107495794e-05
-0.0006338639736
-8.093248226e-05
9.512539082e-06
2.768512166e-33
-0.007017939245
-0.0020638872
-0.007457527145
-0.003202174613
-0.003856491798
-1.166170755e-31
-0.002992803105
-0.00388440132
-0.007022315299
0
-9.992007222e-16
-0.009804257672
-0.002992228259
-0.001920449705
-0.0007673074648
9.700785129e-05
-0.0005874341396
0.0001912619785
-0.001059295987
0.0001876807352
6.081142352e-33
-0.007035181183
-0.005721157806
-0.00210326557
-0.004576178626
-0.002818322011
-1.157595401e-31
-0.003220072579
-0.004350615917
0
-0.003756166284
0
-0.00356245395
8.881784197e-16
-0.001188362199
-0.0003769714118
0.0002960125204
0.0003116674571
0.001202662212
0.0002515420597
-0.006236665268
0.000577583328
-0.0005669534347
0.0001283152112
1.008397901e-32
-0.006396112527
-0.004011797413
-0.0005600712887
-0.00286805744
-1.053560496e-31
-0.005011079416
-1.110223025e-15
-0.00494799142
-0.005071715936
-0.004929683875
0
-0.004148642901
0.0008323088896
0.001169534121
0.0002805358807
0.001532485542
0.0005858663984
-0.005737404897
-0.008215339816
-0.0003420575782
0.000990223784
0.0009162559504
0.0004112520363
1.39266791e-32
-0.006028221904
-0.003015093292
-0.0004833010286
-9.802766876e-32
0
-0.01346283505
-0.005984603805
-0.008573489564
-0.0154708322
-0.01431440903
0
0
0
-0.005963005525
-0.0027318918
0.001279459797
0.002051621899
0.0008420465539
0.001693055
0.00463410214
-0.002862439624
-0.008688271902
0.003196038763
0.003462231524
0.004043120279
0.00392378927
0.0004145729495
0.001692312517
1.883329602e-32
-0.0008365198239
0.0001699092265
-8.24033162e-32
-0.01140719319
-0.01396740385
-0.00277029776
-0.003494842684
-0.008763103143
-0.005735271603
-0.00424567212
-0.002563219134
-0.006811354445
-0.01032682858
-0.002914653831
0.003115612873
0.003483055833
0.004476300884
0.000969559198
0.001566982687
0.002308314389
-0.0014003298
-0.00786329115
-0.003216852715
0.004730315574
0.006682273126
0.006672436113
0.0007370379749
0.003771967751
2.355633238e-32
0.0007024087262
-6.741787052e-32
-0.00386287672
-0.002611688134
-0.006680570686
-0.002661265362
-0.002799871475
-0.003472561668
-0.003802117213
-0.007811026561
-0.002863887919
0.004224467815
0.00629392506
0.003714972755
0.003896701772
0.001358872725
0.00257144756
0.003903580104
0.00367351234
-0.003411284874
0.002569615956
-0.0002335934455
0.005599771576
0.00677220647
0.01059998145
0.0006205615527
0.003841807859
0.005199970457
3.009948166e-32
0.003593700511
-4.782395414e-32
0.0001781735317
-0.004496072746
-0.007136980093
-0.003809119356
-0.0001361072956
-0.003003808655
0.0005227824877
-0.002777121944
0.007097623577
0.01170246956
0.0009243663067
0.003555484664
0.003651635344
0.01132604936
0.00316688185
0.006962574813
0.006080376189
0.01057532086
0.008430541629
0.00125789042
0.003068647136
0.002752054726
0.003199056402
3.634923701e-32
0.01502137466
-3.241937109e-32
0.006148389115
0.002564266718
-0.004015441561
-0.003075091563
-0.0007981206651
4.36735751e-05
-0.0007145237698
-0.0003130438765
0.006686667007
0.00805928686
0
0
1.110223025e-15
0.01527654231
0.009822399409
0.008773595398
0
0.001109714799
0.001683636825
0.004622016642
4.525660824e-32
0
0.009972910334
-1.971319335e-32
0.007195061143
0.003035389438
-0.001221183123
-0.002914239699
-0.0004213054751
-0.0005839499708
-0.0001193649526
0.003794391803
0.005404712891
0.006195469954
0.01602700399
-8.881784197e-16
0.001710371788
0.003660295403
0.002392392153
5.424767729e-32
0
0
0.003297225245
0.005973728088
-3.199490722e-33
0.006442475679
0.002444908976
0.001148505713
0.002488124905
0.0002524942355
0.0008403607298
0.004392792775
0.007477823803
0.005082943379
0.001929156068
0.004126565828
0.002104549042
6.573485416e-32
0
1.110223025e-15
0.002530177762
0.006576096394
1.094585882e-32
0.00556979417
0.004555868568
0.003234868482
0.0004042803838
0.001256769334
0.005965666156
0.009589163838
0.00801070647
0.003462875214
7.946740418e-32
2.220446049e-16
0
0.007784381048
0.008166023738
2.62106717e-32
0.005557125883
0.004951667924
0.001041045243
0.002270489566
0.003188944863
0.002531274373
0.02395295935
9.23691125e-32
0
9.992007222e-16
0.01033582294
0.006373371891
0.01711703727
4.208064384e-32
0.004993968154
0.00208787357
0.005410349407
1.071095076e-31
0.004251687782
0.01064303159
0.006349388197
0
-8.881784197e-16
0.00464458245
0.01554425165
0.004738024765
0.004498859202
0.00705030169
5.681835109e-32
0.006627565855
0.001966457803
1.155672459e-31
0.004386352348
0.002018464082
0.002782941808
0.0110271729
0.005048745743
0.004224172221
0.003688041609
0.008243114194
7.375845051e-32
0.002162237275
1.180656041e-31
0.002595352919
0.004592087262
0.004582692555
0.002428850518
9.082302059e-32
1.130906509e-31
1.018130047e-31
