-6.094194392e-32
-7.270768873e-32
-0.001570837776
-5.295643153e-32
-0.002062980028
-8.043696634e-32
-0.004138145866
-4.489266882e-32
-3.71473624e-32
-0.003262633479
-0.006293992544
-0.005008160387
-0.004447890056
-0.001727726563
-0.003947259423
-9.069103303e-32
-0.002633241945
-0.00130162778
-3.159329656e-32
-0.001384576481
-0.005597387692
-0.009790736462
-0.009231378137
-0.004057934583
-0.002909108239
-0.008433142007
-0.00519577196
-0.002166145559
-9.424024975e-32
-0.003688975694
-0.002444916859
-2.559897899e-32
-0.00102029575
-0.002248861258
-0.006200808529
-0.0100899875
-0.007426579657
-0.006369432734
-0.0101594526
-0.002662290427
-0.004793549411
2.220446049e-16
-0.005201291252
-0.00516550032
-0.005342968578
-0.004746999279
-0.003023871616
-9.671885546e-32
-0.005596392346
-0.003235652151
-0.0009286329818
-2.107433299e-32
-0.001792229867
-0.003244713677
-0.01408546571
-0.01404226553
-0.009635587411
-0.01292180214
-0.006103289154
-0.006690762723
2.220446049e-16
-2.664535259e-15
-0.01713507775
-0.004859464902
-0.006128336395
-0.003940824671
-0.003492617794
-9.339706273e-32
-0.01093886502
-0.000522956458
-0.001078045814
-1.637031487e-32
-0.00125480077
0
0
-0.01015096568
-0.005289989273
-0.01357294643
-0.006552127482
-0.007943103049
-0.002846412918
-0.005955359064
-0.004836880408
-0.005699627681
-0.006009589575
-0.003366949365
-0.002472044436
-8.926735934e-32
-0.0005705985314
-0.001048067724
-0.001722514039
-1.274691919e-32
1.776356839e-15
4.440892099e-16
-0.005662217591
-0.004624745045
-0.006387324935
-0.005343061532
-0.003451546039
-0.0006619498882
-0.00228917269
-8.753092333e-33
-0.003550603322
-0.003545627791
-0.005991119732
-0.004458823276
-0.001852829112
-7.905292471e-32
-0.0006423012673
-0.000397346375
-0.0009412647173
0
2.220446049e-16
-0.002983701016
-0.007178677741
-0.005502201726
-0.002048000262
-0.003276784509
-0.001807934989
-0.005300742606
-0.0001800370594
-5.487049043e-33
-0.002278427024
-0.002997951017
-1.791021064e-33
-0.002380594605
-0.002519602171
-0.002784000356
-0.01030123117
-0.004474260314
-7.056239483e-32
-0.0007308202916
-6.796372106e-05
-1.776356839e-15
-3.774758284e-15
-0.005154235896
-0.01031681178
-0.001388892258
-0.004253164266
-0.01595976438
-0.0007439214517
-0.01613176008
-9.55914548e-05
-0.0004121476035
-0.001569648438
2.246133487e-33
0.0004790017745
6.661338148e-16
0.0002812654211
-0.0006939619925
-0.002772823736
0.0003214039614
-0.007997208576
-0.0119418765
-5.740863127e-32
-0.001218853463
0
0
-0.005453850032
-0.004966265942
-0.01097201438
-0.004505995458
-0.001588450699
-0.02248066073
-1.694884034e-05
-0.01805018475
0.0002283341156
0.0002565549364
-0.002827028376
-0.005881605159
5.47369674e-33
-0.007108086774
6.661338148e-16
0.0003718990909
0.0002692844607
8.881784197e-16
0.001729263182
0.001097331458
-0.00170325037
0.001083532162
-0.007834772133
-0.01382101804
-4.785907736e-32
-0.0001570451896
-0.009928171334
-0.01040021547
-0.002690276628
-0.0003038048779
-0.008228649229
0.001018373663
-9.227743362e-05
-0.006970003114
-0.008854252369
0.0006014420379
-0.00161176655
-0.003366656674
9.694720694e-33
-0.003598360791
-0.006475486269
0.0006306864219
0.000485691238
0.0004354654577
-0.005675585931
0.001675719124
0.001272130733
0.0008807120348
0.002776205189
0.001839245031
-0.00258757252
-0.009438170521
-0.008614292598
-3.360512402e-32
-0.004107424828
-0.006252437382
-0.002972004343
-0.00677171027
0.002482486376
-0.0008979845709
0.0009288430189
-0.0006502664041
0.003534240478
0.003090109451
-0.002867797823
-0.001612988698
1.393426027e-32
0.001424739983
0.0008520736863
0.001245516883
0.0005929545877
-0.002762891081
0.006871005089
0.001187257517
0.00301303907
0.005005667552
0.002283023478
-0.005045774345
-0.007512672972
-0.009439570848
-2.149026137e-32
-0.006503540183
-0.004958541524
0.005134224532
0.006284085113
0.003705164563
0.006882809295
0.006267931568
0.004990301693
-0.001788518953
-0.0005049909135
1.875827261e-32
0.002794273751
0.001040531564
0.001245810116
0.0006145421701
-0.001155640832
0.006097173403
0.006296523143
0.004949942703
0.004274835071
0.003004514208
0.004331146231
0.004644999185
-0.002339848532
-0.003221907168
-0.004483598177
-0.0009623909198
-7.195521413e-33
-0.003173695967
0.007471735533
0.0140268452
0.007509673045
0.005423603737
0.01055515224
0.0004224987115
-0.001342258047
2.51235677e-32
0.002550397489
0.004022535879
0.001294741366
0.0008628557882
0.003392757479
0.01560941801
0.004251171599
1.221245327e-15
-3.108624469e-15
-0.0002356382495
0.005621735903
0.0078725284
0.01027596688
-0.001567919591
-0.000395096918
0.0001285933101
0.002614114991
5.664239885e-33
0.008638312787
0.01110400235
0
0.006138310051
0.01262479232
0.001807538187
3.255612123e-32
0.003607774213
0.002880648085
0.001324158439
0.001333154781
0.002013828304
-1.998401444e-15
0.002280183219
0.0034966067
0.01527349355
0.006449875817
0.00739231747
0.00360528137
0.001844413473
0.001221137223
2.463663273e-32
0
0.003014472055
6.661338148e-16
0.006363167469
0.0009978421394
4.021530718e-32
0.003142100173
0.003458298473
0.001559929458
-1.941253149e-05
0.003266087904
0.01274915869
0.008018429354
0.005342523401
0.008093785669
0.004386166216
0.002219345216
4.005704899e-32
-3.108624469e-15
0.002724986361
-4.440892099e-16
0.006109739455
0.001121602824
5.068864983e-32
0.001258260931
0.002955864229
0.003714807724
0.004205970406
0.005235208627
0.007106804522
0.004086334439
0.005711168702
6.194452796e-32
-1.776356839e-15
-1.110223025e-15
0.007633719099
0.008997571441
0.001217624384
6.439915246e-32
0.002320773677
0.001762104927
0.003400698059
0.002364081024
0.009166557046
0.01092534177
0.002842204998
8.128765673e-32
-1.776356839e-15
0
0.01330661724
7.800202149e-32
0.003670233737
0.009267765687
0.008113333888
3.552713679e-15
9.992007222e-16
-1.110223025e-15
0.01071614219
0.004103659813
0.01137564121
1.099814951e-31
0.006762051353
0
0.01972261875
0.006068817738
9.776203898e-32
0.01951257041
0.003271947209
0.006547370521
0.003880500932
0.005188906546
1.210167834e-31
0.005321904066
0.007973873134
1.298167288e-31
0.01220423131
0.008202949383
1.353412987e-31
0.003955417341
0.003708039325
1.434324974e-31
1.457204184e-31
