1.404058956e-31
1.411923943e-31
1.522838358e-31
0.0001740531292
0.001300007712
0.001666162126
1.337346163e-31
0
1.702077208e-31
0.00835782654
0
-0.00227175117
0.002001027184
1.458718704e-31
1.924164787e-31
8.881784197e-16
0
0.008799788025
6.479159752e-06
0
0.001094556247
1.512837356e-31
1.901285162e-31
-2.442490654e-15
0.009426787186
0.007150078739
-0.001342743968
0
1.791654774e-31
1.870425627e-31
1.443289932e-15
0.005667206278
0.006110062712
0.008127247875
0.01913224299
-1.776356839e-15
0.005191590425
1.835712278e-31
1.738997985e-31
2.442490654e-15
0
0.01283416161
0.006973118843
1.998401444e-15
1.776356839e-15
0.005879680406
0.001363479425
1.869002489e-31
1.245039343e-31
0.005656251637
0.01309192234
0.02451046944
0.01327032798
0.009424813108
0.003917248096
-3.774758284e-15
0.00366045782
0
0.008335498917
1.864247423e-31
1.046173462e-31
0.006046229815
0.01126289861
0.0128696469
0.005881323622
0.01015491505
0.003927422014
0.009024879627
0
0.009575967478
0.02054526051
0
3.108624469e-15
-8.881784197e-16
0.004966692363
1.740071704e-31
5.868345068e-32
0.005901808761
0.005101568622
0.003185985908
0.001297770316
0.006533566724
0.0003296493349
0.005360733697
-0.001604904115
0.004758967865
0
0.001124807245
-1.110223025e-15
0.01340076076
0.003610228015
0.01135124607
0.004768941456
0.01865359544
1.347820985e-31
0.0008840650105
2.850287167e-32
-0.001696165711
0.001580517991
-0.003526008532
-0.008544096221
0.005520284328
-0.001772632953
-0.001238813485
0
-0.0004741779596
0
0.0009332192909
0
0.009197712151
0
0.008357667995
0.008698604789
0.00634455452
9.871692772e-32
0.003078855518
-8.893723773e-33
0.001896338253
-0.003292406598
0
-0.009563794385
-0.005508149795
-0.003444718373
-0.001061133641
0
-0.001184362087
-9.959232492e-05
0.0115484966
0.007311479079
0.004108756946
0.004973428721
0.004339472286
0.0001893598828
5.916790503e-32
0.001877954676
-4.461326343e-32
-0.00476217912
-0.003026629752
3.996802889e-15
-0.002633258116
-0.009685072994
-0.003126456398
0
-0.002900947968
-0.005203966601
0.004874574249
0.0005641561763
-0.001374114585
-0.0001064519131
-0.007972526389
2.619486572e-32
0.002067528848
-7.879635052e-32
-0.01027986015
-0.00287196514
-2.109423747e-15
-0.003360462776
-0.006242643761
0
-0.001771087322
6.654594164e-05
9.220212009e-05
-0.005918176007
-0.008877851579
-8.320554844e-33
-0.002140271618
-1.131371439e-31
-0.005482903588
-0.01235053018
-2.553512957e-15
-0.00789025499
8.881784197e-16
-0.008570555822
-0.00208433417
-0.005247380121
-0.003474049128
-0.005598059958
-4.316267975e-32
-0.0001842225552
-1.581534645e-31
-0.007556684922
-0.02031228986
0
8.881784197e-16
-0.007734231474
-0.006347458641
-0.003103283267
-0.006545187583
-7.828090657e-32
-0.002442732328
-1.782007949e-31
-0.006391752299
-0.0186211415
-1.443289932e-15
-1.895231492e-31
-2.886579864e-15
-0.008533599034
-0.0169264574
-1.149005623e-31
-0.006968766411
-0.004160482267
-0.00756940994
2.442490654e-15
-1.918393372e-31
-0.006845819398
0
-0.01027029057
-0.007564619812
-1.58261102e-31
-0.013711591
-8.881784197e-16
-1.896336341e-31
-0.01119499793
0
-0.01563678764
-0.00560694342
-1.779201298e-31
0
-1.570129157e-31
-0.0001293108946
-1.887379142e-15
-0.005660410085
-0.006642605303
-1.895301496e-31
1.776356839e-15
0
-3.415083848e-05
-1.409652192e-31
-0.002343596238
0
-0.01079117283
-0.003141505116
-1.886558528e-31
0
0
0.000630589608
-1.439447496e-31
0.0008512322669
-0.001787670616
-0.009793821366
-1.916296565e-31
0.0003312623658
0.002042311972
-1.380251492e-31
-0.002390635245
-1.528277365e-31
-1.395769801e-31
-1.498417457e-31
