0.780574
0.384602
0.384602
0.384602
0.52362
1
1
1
1
0.534136
0.368205
0.414309
0.414309
0.266562
0.471166
0.471166
0.471166
0.463118
0.838224
0.838224
0.838224
0.838224
0.211811
0.239884
0.780574
0.780574
0.384602
0.384602
0.384602
0.52362
1
1
1
1
0.534136
0.368205
0.414309
0.414309
0.266562
0.471166
0.471166
0.471166
0.463118
0.838224
0.838224
0.838224
0.838224
0.211811
0.239884
0.780574
0.780574
0.384602
0.384602
0.384602
0.52362
1
1
1
1
0.534136
0.368205
0.414309
0.414309
0.266562
0.471166
0.471166
0.471166
0.463118
0.838224
0.838224
0.838224
0.838224
0.211811
0.239884
0.780574
0.780574
0.384602
0.384602
0.384602
0.52362
1
1
1
1
0.534136
0.368205
0.414309
0.414309
0.266562
0.471166
0.471166
0.471166
0.463118
0.838224
0.838224
0.838224
0.838224
0.211811
0.239884
0.780574
0.780574
0.384602
0.384602
0.384602
0.52362
1
1
1
1
0.534136
0.368205
0.414309
0.414309
0.266562
0.471166
0.471166
0.471166
0.463118
0.838224
0.838224
0.838224
0.838224
0.211811
0.239884
0.780574
