2.220446049e-16
0
0
0.0001248165387
8.777349518e-05
0
0.0001693811193
0
0.0003962836735
0.000228861775
0.0002088405307
0
0.0002547900423
-0.0001486877722
0.0005501067332
-0.0001200809901
3.08938961e-06
0.0005642590768
0
0.0004592142795
0.0001159271688
0.00026877961
0.0003620481488
0
0.0005474268241
0.000679052698
0.0007447816885
-0.0002179096942
8.522849799e-32
8.524718711e-32
0.0002544350091
8.045591617e-05
9.68427184e-05
0.0002384151933
0.0007845903656
0.0002823421688
0.0001028249719
0
0.002093892625
0.0005819377892
0.001085744708
1.110223025e-16
0.000667524971
0.001130131764
-2.21445852e-05
8.683210638e-32
8.683826668e-32
0.0001954200997
0.001222184731
-8.347084103e-05
0.0003430626493
-0.000348598435
0.001593590009
0
0.001162741205
0.0009713501969
0.0005370508443
0.002227659347
1.110223025e-16
9.228510955e-32
0.0005091097237
9.198707062e-32
0.000296074292
0.001020894209
0.0005383784996
0.0003859396481
0.0005955586286
0.0005492948722
-1.901980244e-06
0
0.00209373088
0
0.001808765517
-0.0008634918195
0.002471248794
0
9.93250469e-32
0.001210807605
9.946750268e-32
0.001393361913
0.0007509515943
0.001623380728
0.001153364794
3.918928163e-06
-1.78044929e-06
-7.912354284e-06
0
0
0
8.056547611e-06
0.003350227671
0
0.002638598502
1.118946002e-31
0.00317046255
0.004712553632
0
1.118347398e-31
0.002911750782
0.00313653007
0.002232855752
0.001986162419
1.393767103e-05
1.756586893e-05
-1.353936707e-05
9.584331922e-07
-1.076968693e-05
-1.991172454e-05
0
0
1.518919438e-05
0
0
4.121049103e-06
2.852791323e-06
-5.300550193e-06
0.003100016574
1.275357768e-31
0
1.276469884e-31
0.003360853009
0.005483708554
0.01526107322
0
0.006829725729
0.007608797615
3.05705058e-05
3.015437736e-05
3.601521069e-05
2.529904837e-05
-2.742311399e-05
1.346728449e-05
-2.662160537e-05
-3.988885483e-05
-4.274781367e-05
0
0
0
0
9.793641848e-06
-2.108148552e-06
-1.505286105e-05
4.24182492e-05
7.243768242e-05
0.003756843773
1.443994533e-31
0
1.445059313e-31
0.003445586585
0.008299887381
0
0.01318812824
6.735073687e-05
7.373924842e-05
2.615046471e-05
-4.783280472e-05
-6.762728392e-05
1.83182429e-05
-2.887509462e-05
-8.159312427e-05
-2.220446049e-16
0
0
-2.220446049e-16
-6.638024359e-06
3.95831729e-05
0.0001484226569
0.0001679753174
0
-0.0001136915295
-2.220446049e-15
1.110223025e-16
0.01652991644
0.003033365399
1.606774425e-31
0.008182263824
0.008839964291
1.599590296e-31
0.0040519559
0
0.01089154922
0.0001656778691
7.546659733e-05
2.709315144e-05
2.616034866e-05
-5.668964949e-05
-8.083744473e-05
-0.0001142274149
-1.098381478e-05
-0.0001463972368
-0.0001478193131
0.0005728417768
0
0
0
0.0002020938966
0
0.006543244224
0.005010505702
1.110223025e-16
0.008750859774
0.002721980253
0
0
1.487361013e-31
0.007362256281
0.00528073735
1.548127941e-31
-1.998401444e-15
0.006041833034
0.007329173565
0.0001256231942
5.172168198e-05
5.298099045e-05
-2.929470418e-05
-7.583321219e-05
-9.975302386e-05
-0.0001372667856
-8.860158023e-05
0.0008791113907
0.00147096419
0
0
-1.505328625e-05
0.000555197338
0.01850840608
0.01099477491
0
0.006724591083
0.00582246799
0
0
0.003912486172
0
0.01378541794
0
1.209267358e-31
0.01028446676
0.005181805801
1.231946766e-31
0.007246578118
0.004007485449
-0.0003537833258
3.553602346e-05
-1.110223025e-16
-5.762409722e-05
-9.62201296e-05
-0.0001982862216
-0.000548211607
-4.465432667e-05
0.0001693136653
0.002728397112
0
0.0003762766531
0.006502973955
0.01074567047
0.02133522625
0.006018904928
0.01849697642
0.004608895973
0.002152090889
0.001919662662
0.02366789173
8.307504645e-32
0.005759279034
0.003032671021
0.00539245214
7.450502501e-32
-0.0001802257957
-0.00130451718
0
-0.0001554882227
-0.0002853744401
-0.0004613791102
-0.0007842949869
0.0001853736388
0
0.002131054365
0.0007565991299
0.003415966045
0.006486272177
0.002668474752
0.01034707667
0.006089407583
0.003378223011
-0.0005651205562
0.006056674019
-0.001407193544
3.641387096e-32
0.006454110168
0.005706003539
0.003904390606
3.816872544e-32
0
-0.006067341971
-0.005018762048
-0.0002020254339
0
-0.002824163563
-0.001021559012
-0.001722793984
0.0009249671572
0.001811240891
0.0001313843204
0.008157712729
-0.003748469833
-0.0004245273389
-0.009448973316
0.002625733631
-1.398656163e-32
-0.003179691387
-0.002989806958
0.003970914688
-1.381649406e-32
0
-0.01994774212
2.220446049e-16
-0.004544056036
-0.007253158082
-0.005923790271
0.003040427921
-0.002954177181
-0.00486648439
-0.002787019669
-0.002676071467
-5.320468894e-32
-0.00350548897
-0.005113492911
-5.28996601e-32
0
-0.007256136537
0
-0.01668138162
-0.01092972885
-0.008396379973
-0.002000768793
-0.01128702327
-0.004860842575
-1.048864354e-31
-0.003667989981
0.0001446639869
-1.042894011e-31
0
-0.01990717718
0
-0.01405924647
-0.01502868509
-0.004783930861
-0.007920396266
-1.405798502e-31
-0.006075068331
-0.005711485884
-0.005505766582
-1.424150102e-31
1.998401444e-15
-0.009426059831
0
-0.005297513477
-0.004681650036
-0.008001199042
-1.56823224e-31
-0.006530402084
0
-0.008280633462
-0.005676414499
-0.005536162479
-1.594803526e-31
1.998401444e-15
-0.004249682955
-0.004224241515
-0.005894051251
-0.003705901558
-1.535656995e-31
-0.01083888276
0
-0.01569324153
0
-1.55122423e-31
-0.006458700358
-0.0241698739
-0.01988499455
-0.004212939188
-0.01403820933
-1.367822196e-31
-0.001282958571
0
0
-0.005063108988
-1.381442986e-31
-0.01090846208
-0.007198061139
-0.002997156435
-0.00661098624
-0.002119036071
-0.003411749024
-1.206229105e-31
-0.001394952301
0
0
-0.003848641418
-1.196299935e-31
-0.00486087106
-0.001434919109
-0.003361266413
-0.002133782912
-0.002532364123
-0.002718836617
-3.271402323e-05
-1.02918795e-31
0.000149541134
0
0
-0.001006664199
-0.001677442888
-1.050686061e-31
-0.001576138533
-0.003954127875
-0.0002466021312
-8.589280785e-32
-8.909351754e-32
-9.632357552e-32
-0.0009532921318
-0.002026584659
-0.00148622402
-0.000570504706
0
-1.110223025e-16
-0.002623294553
-0.001499471052
-0.002022017131
-9.519476074e-32
-0.0009672908723
-0.001266024557
-0.0004662413144
-8.497472906e-32
-0.0008143058922
-0.0002596026303
-8.944241485e-32
-8.537161641e-32
-0.000513222973
-0.0003555472791
-0.0005910501452
-0.0001629193922
0
0
-0.0007291082656
-0.0007314801293
-0.001275407566
-0.0004838660243
-0.0006738610858
-0.0003061373624
0.0003848834975
-0.0008659628921
-9.171137267e-05
-0.0003855980644
-0.0001842885971
-0.0002396811172
0
0
-0.0005413202761
-0.0006122554741
-0.0006276752481
-0.0003830279635
-0.0007270472749
-0.000968860364
0
-0.0003591572078
-0.0003911078497
-0.000487410313
0
-0.0009135795136
-0.0002903559808
-0.000326937472
-0.0002578096654
0
-0.0002422817326
-0.0002265663217
0.0003242580547
0
-0.0003293494511
-0.0001886781737
0
1.549757882e-05
0
-8.514431416e-05
-2.220446049e-16
