6.661338148e-16
-1.554312234e-15
2.220446049e-16
-1.554312234e-15
1.110223025e-15
0.0001335868483
7.313295146e-05
-1.279506945e-05
2.220446049e-16
9.342872789e-05
0.0005474406558
-0.0002762557753
0.0003245570301
-1.174932392e-05
0.0002119636372
0.0002582242164
-1.776356839e-15
0.0003088347431
0.0002081217472
-8.881784197e-16
0.000284996693
0.0006157038751
-0.0007717240126
0.0009344954961
0.0007648083563
0.000210629655
0.0003119702125
0.0008212881075
8.175490361e-32
8.370273996e-32
0.0006239925486
0.0004891151223
0.0004818898006
0.0001310594632
-2.220446049e-15
0.0009688651581
-8.881784197e-16
0.0004750025664
0.000312519685
0.0003676078323
0.0003575961874
-0.0001085119335
3.91042544e-05
0.0005364564967
0.0004084128936
8.21683087e-32
8.663871732e-32
-1.110223025e-15
-0.0005503207028
0.0003236308508
0.0007522970068
-1.33226763e-15
0.0007767508173
-1.554312234e-15
0.001113153369
0.0004411839259
0.0002041919588
0.001138923621
0.000554413914
9.477195569e-32
0.00199013105
-0.0005300126647
8.367628384e-32
4.406779429e-05
6.661338148e-16
6.637500654e-05
-6.661338148e-16
0.0002002310721
0.001807689905
0.001315118368
2.109423747e-15
0.001942763128
0.001168857955
2.997602166e-15
0.001353755383
0.0008587031215
8.902116404e-32
1.037416807e-31
0.0001704351936
0.0001691709302
0.0002568425909
7.854870508e-05
1.814528409e-05
-1.110223025e-15
0.0001322563554
5.551115123e-16
9.525828643e-05
0.0002268479482
0.0003945023477
0.001948373064
0.0004937712911
0.004151865385
-2.220446049e-15
0.00116580457
0.004059074051
4.440892099e-16
0.005416343911
9.54689008e-32
1.227360175e-31
0.001066242088
0.002425831657
0.004379807326
6.132478253e-05
2.759702627e-05
-2.43428485e-05
0
0.0003912427383
2.220446049e-16
0.0001536349723
0.0002451680619
0.0004792542253
0.0006743769375
0.001605852219
0.002390332145
0.000112866983
-1.33226763e-15
-2.8955283e-05
2.961765303e-05
0.009043570443
-6.661338148e-16
0.002765174057
1.023529106e-31
0
0.006893313922
1.536316946e-31
0.006457406302
0.01158825592
2.688831431e-05
5.922386758e-05
-5.621917765e-05
-1.110223025e-15
0.000932881325
0
2.591536017e-05
0.000505027818
0.0001912210617
0.0009003000434
0.001667017453
0.005209018718
0.00129123827
4.440892099e-16
1.110223025e-15
-0.0001177528959
-3.34648832e-05
-1.776356839e-15
0
0.008000054678
0.007940320427
0.02108186122
-4.218847494e-15
0.0001615556807
1.090143194e-31
0.007874157986
0.004303235432
2.083324317e-31
1.737737375e-05
1.408549937e-06
-0.000109151772
1.33226763e-15
0.002600805359
-1.110223025e-15
0.0007496554518
0.0002649150812
-6.661338148e-16
0.001679879144
0.003068073506
0
-0.0001151059827
-0.0001811176421
-3.532743425e-05
0.007503898931
7.771561172e-16
0.00919593725
-4.440892099e-16
0.001542123714
0.02625393272
0
2.459891888e-31
1.141080834e-31
0.01040620154
0.006994966463
-2.079172701e-05
-0.0002425015704
0.006813148238
0.005553517632
0
0.001355288658
0.0004774337752
1.554312234e-15
0.003037575547
1.33226763e-15
-9.460356141e-05
-0.0002492660831
-0.0003723841482
0.01198904013
0.005588418114
6.661338148e-16
0.003430078574
0.01061832935
-2.220446049e-15
0.01562594748
2.486592849e-31
1.095558064e-31
0.001187301911
0.001807176522
-4.824452847e-05
-0.0003758946927
0.0261096217
0.008622496035
0.004140069252
0.02612363282
0.0007352241256
0.001617163425
6.661338148e-16
-5.551115123e-16
-0.0002120896491
-0.0004617193966
-0.0006799072115
0.007685842373
0.003694783472
-1.776356839e-15
-3.996802889e-15
-2.220446049e-16
0.01812957429
0.009957666252
0.009473494903
1.704584271e-31
9.62674501e-32
0.00707533119
0.00652783926
1.110223025e-15
-0.0001095417998
-0.000660704094
0.009256312545
0.008470449827
0.005551744217
0.001437155412
0.01458866763
0.0008315586518
1.110223025e-15
-0.0003749677023
-0.0008772620125
-0.001164905241
-6.661338148e-16
0
0.009130177525
-1.33226763e-15
8.881784197e-16
0.005157605415
9.992007222e-16
0.005979940009
0.007826873101
1.031984027e-31
6.958302175e-32
0.001393379931
0.007082751908
6.661338148e-16
-0.0002265653131
-0.0008276605104
0.005767262967
-0.0006620285449
0.0007111028736
7.602170821e-05
-9.992007222e-16
-0.0008291493505
-0.001567314445
-0.001790450229
0.01006718249
0.01453317895
-0.0009335483463
0.002065765044
0.00411016339
-0.0007282875703
0.006916357142
0.00125420508
-0.0005737604381
4.732709685e-32
3.004305844e-32
0.001972549785
-0.0008193336943
-5.551115123e-16
-0.0004294787419
-0.002325059917
-0.001952575661
-0.003758852717
-0.003018720658
-7.771561172e-16
-0.001571695635
-0.002568115034
0.003070439506
0.007343493351
-0.002238707075
-0.0003047252806
-0.003275563879
-0.001657678015
-0.001583025189
-0.001408068674
-0.003070827091
-4.623465428e-33
-2.249436678e-32
-0.001449527239
-0.00150477167
-1.110223025e-16
-0.0009973241737
-0.003469171427
-0.004748966329
-0.01434388581
-0.003769997469
0
-0.003374256776
-0.001242744169
-0.006390845728
-0.004561632261
-0.003104711174
-0.0035771901
-0.002613374033
-5.199591142e-32
-6.976695999e-32
-0.002408301317
-0.01022172665
0
-0.002228779124
-0.006541587534
-0.01266552914
-0.01832733682
-0.005402140566
3.996802889e-15
-0.009672548414
-0.005025364779
-0.005505686302
-0.007575291459
-0.005554897659
-8.224441393e-32
-1.337302249e-31
-0.006016114264
-0.01272525613
8.881784197e-16
-0.009160387799
-0.02148240592
-0.004172351004
2.220446049e-16
-0.01858549464
-0.01211331368
-0.01089218201
-0.01185323066
-0.003068502669
-0.003654713661
-1.065300452e-31
-2.18090019e-31
-0.008315513139
0
-0.009327863344
1.998401444e-15
-0.02698252595
-0.0084090181
-0.008112092103
-0.001980335637
-0.007168013905
-1.138499604e-31
-2.663206522e-31
-0.01023401362
-0.008367430036
-7.771561172e-16
0
-0.003979600213
-0.003387843281
-0.004600034267
-0.0008594220675
-0.001620091642
-1.11515924e-31
-0.01142534917
-2.264192679e-31
1.776356839e-15
-0.007822936271
3.774758284e-15
-1.070344214e-31
-0.002683734261
-2.220446049e-16
-0.005421847401
-0.004022167502
-0.007049356293
-0.002533116991
-0.004732099239
-1.772019105e-31
-0.002857043973
-0.002676178558
6.661338148e-16
-0.001648494129
-9.759617901e-32
-0.001183372215
-0.0001683361853
0
-0.002773179198
-0.01118834246
-0.001802368753
-0.003899634804
-1.321975023e-31
6.017052286e-05
2.220446049e-15
-0.001112192152
-0.001616084891
-9.179036419e-32
-0.003425607788
-0.0006816982629
-9.969047846e-32
-1.120954157e-31
-3.330669074e-16
-0.003564209018
-0.0004174888957
-0.001927348827
-0.002654595195
-0.0005311338149
-1.887379142e-15
-0.001284781317
-0.001054199191
-0.001102435653
-8.62474345e-32
-0.001263286663
-0.0001320863942
-0.000236006359
-9.004720574e-32
-0.001812152183
-8.160744972e-32
-8.269288123e-32
-8.240956314e-32
-8.501350709e-32
-3.108624469e-15
-0.0002145591087
-9.945347869e-05
-0.0001925065831
-0.00177033438
-0.001058660814
-0.0006042352612
1.33226763e-15
-0.0006987862225
-0.0003920233306
-0.0007205765669
0.000274349268
-0.001036512207
-0.0006704545602
0.0001224367343
-0.0005848962267
-0.0008005927194
1.554312234e-15
-8.42263987e-05
-0.0002995012367
-0.001037714598
1.465512367e-05
-0.001118729291
-0.0006131916411
-0.0002716988414
2.220446049e-15
-0.001159202343
-7.489655493e-05
-0.0005692051949
-0.0001863457387
0.0002258280874
8.881784197e-16
-2.611218322e-05
-0.0001199912649
-0.0006238568897
-0.0001292665973
-0.0002235762909
-0.0003786452943
1.776356839e-15
-0.0006344256686
5.849024972e-05
8.881784197e-16
-2.335859239e-05
-0.0002290130935
-0.0005396607378
-0.0004501870681
-1.221245327e-15
-0.0001986909649
-0.0001825559151
-2.220446049e-16
1.521199481e-05
-0.0004031058519
-6.661338148e-16
-4.908393833e-05
0.0001003221719
1.554312234e-15
-7.872066061e-05
1.554312234e-15
-3.330669074e-16
