1.16363e-13
0.160771
0.160719
0.106247
0.0488257
0.0271549
0.0115502
0.0075151
0.00336054
0.000150176
0.00391246
0.0111923
0.0184189
0.0249261
0.0345324
0.0456008
0.0482981
0.051814
0.0322214
0.0242842
0.116719
0.150702
1.93939e-14
1.93939e-14
3.23232e-14
0.027099
0.0661547
0.0111887
0.0237278
0.0124846
0.00841478
0.00568598
0.00721725
8.40402e-14
0.00530723
3.87878e-14
3.87878e-14
3.87878e-14
3.87878e-14
9.05048e-14
9.05048e-14
1.16363e-13
1.16363e-13
0.0488257
0.0271549
0.0115502
0.0075151
0.00336054
0.000150176
0.00391246
0.0111923
0.0184189
0.0249261
0.0345324
0.0456008
0.0482981
0.051814
0.0322214
0.0242842
1.93939e-14
1.93939e-14
3.23232e-14
0.027099
0.0661547
0.0111887
0.0237278
0.0124846
0.00841478
0.00568598
0.00721725
8.40402e-14
0.00530723
3.87878e-14
3.87878e-14
3.87878e-14
3.87878e-14
9.05048e-14
9.05048e-14
1.16363e-13
1.16363e-13
0.160771
0.160719
0.106247
0.0488257
0.0271549
0.0115502
0.0075151
0.00336054
0.000150176
0.00391246
0.0111923
0.0184189
0.0249261
0.0345324
0.0456008
0.0482981
0.051814
0.0322214
0.0242842
0.116719
0.150702
1.93939e-14
1.93939e-14
3.23232e-14
0.027099
0.0661547
0.0111887
0.0237278
0.0124846
0.00841478
0.00568598
0.00721725
8.40402e-14
0.00530723
3.87878e-14
3.87878e-14
3.87878e-14
3.87878e-14
9.05048e-14
9.05048e-14
1.16363e-13
5.07454e-14
0.0355584
0.0315252
0.0251659
0.0143177
0.00923677
5.07454e-14
0.00214136
0.000927208
4.22879e-14
4.22879e-14
4.22879e-14
0.00252819
0.0149023
2.11439e-14
0.035533
0.166825
1.14177e-13
0.0201879
3.38303e-14
3.38303e-14
5.9203e-14
0.00355866
0.000487358
0.0027856
0.00508826
4.22879e-14
6.76606e-14
0.00499199
8.45757e-14
8.0347e-14
0.0910466
0.0910466
