1.345834915e-31
1.274684367e-31
0.00540954997
1.312381255e-31
0.00294683444
0.005126441051
0.006205229875
-2.442490654e-15
1.303656212e-31
0.002648753535
0.003565153594
0.009393660655
0
1.279136806e-31
1.25189799e-31
0.002101934688
0.005305997018
0.002660097861
-2.886579864e-15
0.009312424422
1.254934214e-31
0.004438007957
0.004310881821
0
1.355957692e-31
-0.0001610752722
7.771561172e-16
0.002476404126
0.0167438055
0.01309689709
1.147028324e-31
0.004742124304
-4.440892099e-16
1.709302194e-31
1.331253922e-31
0.002288673511
0.00129748329
0
0.01199771904
0.008098794243
0.009996085441
0.00261369952
9.694170906e-32
-6.661338148e-16
0.001848471189
1.826195573e-31
0.0033289925
-1.998401444e-15
0.005950725493
0.01118343796
0.004903711886
0.005592502355
0.004286821085
7.188827903e-32
0
2.277240581e-31
0.02994380753
3.108624469e-15
-3.552713679e-15
-6.217248938e-15
0.009961198982
0.005842658469
0.01193752453
0.008472049394
0.01349586756
0.003713051412
4.424104968e-32
0.02223117031
3.184762034e-31
0.003799599707
-1.554312234e-15
0.01419361871
2.220446049e-16
0.0194635257
0.01067704381
0.00488025638
0.007674385654
0.002147853283
0.002518169343
1.483366037e-32
3.139612006e-31
0.007246537454
0
0.02027766609
0
0.003978422114
0.001992326229
0.001455580001
-0.01239924975
0
0.004762813781
-1.628973536e-32
2.993773788e-31
0.01801925455
1.554312234e-15
0.0208761545
-1.776356839e-15
-5.551115123e-16
0.0007197697122
1.110223025e-16
1.110223025e-16
2.220446049e-16
-0.00395621277
-0.009696587737
-1.221245327e-15
-0.002635139157
-0.008794609427
-5.651034283e-32
2.360477635e-31
0.01337641236
0.003943617518
0.01210255201
0
0.005193872208
-2.220446049e-16
-1.110223025e-16
-0.0004233705957
-0.002792906888
0.00447172749
-0.008227621092
-0.009398085206
4.440892099e-15
-0.009625599355
-0.008816104757
-1.168792598e-31
1.413897381e-31
0.004646122509
0.00247086009
0.01005714724
0.006185264861
0.00545828658
-0.007309034948
-3.330669074e-16
-0.01277082074
-0.01209148137
-0.01015884624
4.440892099e-16
-0.02904940273
-1.731707789e-31
8.519453666e-32
0.002489331418
0.007415442815
-0.004029761495
-0.006296729459
0
-0.01576268602
-0.001896819367
0
-0.01511806955
-3.00814522e-31
1.33226763e-15
3.759255831e-32
-0.001444952981
-0.002325047144
-1.01677184e-05
0.0002004581059
-1.443289932e-15
-0.007862344851
-0.002505809789
-3.043357065e-31
2.886579864e-15
-3.039105964e-31
2.267405355e-33
-0.004605752512
-0.008037689946
-0.008904653834
-0.01007455635
-0.01068140928
2.442490654e-15
-0.008633067419
-0.006374775446
-2.997602166e-15
-2.809412303e-31
-0.008857881955
-3.253652321e-32
-0.003592646798
-0.007836147401
-0.006977099576
-0.01156029202
-0.01698648966
1.998401444e-15
0
-2.208339081e-31
-0.02170540386
-5.602707356e-32
-0.002523978977
-0.008489059047
-0.0107538514
0
4.440892099e-16
-1.773234625e-31
0.003820156489
0.003268856933
-8.498203497e-32
-0.002492528354
-0.0114066467
-0.02134029982
-2.442490654e-15
-1.110223025e-16
-1.318579166e-31
-0.003237539302
-0.005544278357
-1.066537835e-31
-0.007813187914
-0.006745030879
3.996802889e-15
-1.221245327e-15
-0.000640185554
-0.003863550355
-1.320027509e-31
-0.002446927779
-1.23266271e-31
-0.006517012659
0
-0.004808344146
3.108624469e-15
-0.002127300683
-0.004422283231
-0.00319024909
-0.00111939464
-1.325640402e-31
-1.287717276e-31
-1.276027029e-31
-0.00115936039
-0.002244972628
-0.007686420752
-0.005040977326
-1.296097144e-31
-1.301164909e-31
-0.00542412211
-1.276031295e-31
-1.350768421e-31
