0.556445
0.285707
0.199618
0.438153
0.946316
0.946316
0.779954
0.660291
0.859743
0.859743
0.859743
0.137509
0.272051
0.890028
1
1
0.463178
0.102619
0.556445
0.556445
1
0.10619
0.104672
0.476045
0.476045
0.476045
0.769463
0.769463
0.769463
0.769463
0.769463
0.769463
0.700485
0.700485
0.700485
0.122139
0.327801
0.254435
0.254435
0.723695
0.813114
0.813114
0.813114
0.813114
0.813114
1
1
1
1
0.232313
0.232313
0.232313
0.356269
0.634191
0.769463
0.769463
0.769463
0.699069
0.699069
0.700485
0.700485
0.254435
0.254435
0.11181
0.311015
0.723695
0.813114
0.813114
0.813114
0.452453
0.452453
1
1
0.232313
0.232313
0.232313
0.356269
0.634191
0.769463
0.769463
0.769463
0.699069
0.699069
0.700485
0.700485
0.254435
0.254435
0.11181
0.311015
0.723695
0.813114
0.813114
0.813114
0.452453
0.452453
1
1
0.232313
0.232313
0.232313
0.320803
0.496058
0.496058
0.496058
0.496058
0.496058
0.75925
0.75925
0.75925
0.526184
0.526184
0.0904645
0.164116
1
1
1
0.913119
0.913119
0.587348
0.47929
0.47929
0.47929
0.47929
1
1
1
1
1
0.939049
0.939049
0.939049
0.939049
0.939049
0.875506
0.875506
0.875506
0.875506
0.875506
0.753168
0.753168
0.753168
0.111393
0.111393
