6.458696788e-05
6.457650774e-05
0.0002584784842
6.582671004e-05
6.581820757e-05
0.0001108382637
0.0003843970268
0.0004755792512
0.00069156319
4.177910072e-05
6.868819142e-05
7.896059976e-32
0.0004013467812
0.0004710518204
-0.0003650413875
0.000588658436
2.836106829e-05
6.868966408e-05
0.0007199535819
-0.0001535441501
0.0005184605504
0.0004240454761
0.0003046776487
7.326093972e-05
8.026707165e-32
7.863497134e-32
0.000385333049
0.0006744718206
0.0005426565671
-0.0001261804921
0.0004378481184
1.954191328e-05
-3.756595035e-11
9.78783362e-06
2.979992268e-05
4.143130039e-05
-0.0003175352016
0.000266974443
7.324944656e-05
-0.0002301613848
0.0001685744513
-0.0004310855026
0.000673369203
8.030916373e-05
8.306509872e-32
8.050709634e-32
0.0005373525469
0.0007752640832
0.0007262855296
-0.0001197204692
-6.361857138e-05
-6.834210486e-05
9.782831656e-06
-1.45655198e-05
1.012032583e-05
4.857485027e-05
8.19116153e-05
5.57175004e-05
1.954193796e-05
2.981300958e-05
-6.56966973e-05
-2.946145677e-05
-0.0002363279143
0.0003101490407
8.058080245e-05
0.0005624823677
-0.0002098346801
0.000455240395
-0.0002864698688
0.0007982814232
9.122194935e-05
8.786834239e-32
8.271606505e-32
0.0007389489145
0.000912892349
0.0001068503378
-0.0001718159702
-5.101386419e-05
3.234663369e-05
-3.316383821e-05
-8.451910413e-05
-6.470175906e-05
6.525990264e-05
0.0002096859618
0.0003239141881
7.536529678e-05
2.707214151e-05
-6.173519657e-06
4.143007728e-05
-6.794293624e-05
-4.20630383e-05
-6.108060712e-05
0.0001085107795
5.579133033e-05
0.0005493862777
9.176532455e-05
7.522207855e-05
-0.0002377578697
0.0002287979926
0.0004631577211
0.000413528862
-0.000815827083
0.001065718993
0.0006114506336
0.001068648009
9.219018924e-32
8.713517927e-32
0.0004855092306
0.00087155081
-0.0001765294347
0.0001322689897
-3.233393814e-05
8.387329615e-05
5.682648589e-05
-3.299687758e-05
6.513984095e-05
0.000537391225
0.0009674032605
0.0005797806237
0.001178805209
0.0001047377643
0.0001422900352
8.699441612e-05
0.000266594037
-3.366845996e-05
-5.395523246e-05
-6.29883683e-05
0.0005391889147
0.0001356848999
0.0002344674347
0.0002909841721
0.001337863394
0.006847891323
0.006523288269
0.0001084667729
0.0003902403862
0.0001047258942
0.0005800194147
0.0005657878749
0.001703863548
0.0001882269591
0.0001359312702
0.00419124419
0.0001856350462
0.00424118869
0.000290765711
0.002893062725
3.534458989e-06
0.006899018555
-4.103059568e-06
0.0004758038049
-0.0006184536493
9.266592356e-32
0.0002893196623
0.0009998397803
1.009160139e-31
0.0006871582748
-2.756609723e-05
-0.0001631105051
-2.141386337e-05
5.479690961e-05
-5.642904392e-05
0.0007698052197
-1.338727648e-05
-4.367460534e-06
4.648006826e-06
0.001169301366
0.00155641409
0.001401574068
0.001069549845
0.001130137088
0.0001536958917
0.0002998224996
0.0004633404942
0.0003554163285
-3.306690591e-05
-7.842885627e-05
5.306984107e-05
0.0008637979005
0.0006684030634
0.0008708549857
0.006414661768
0.007870583294
-0.0001129500131
0.002919776929
-0.0003894609421
7.941163307e-05
0.0007839082563
0.0001535586057
0.001193312316
0.003519613348
0.007460426345
0.0006542553593
-0.001005454225
0.003992724112
0.0008155481787
0.004266440944
0.000818462443
0.001350919764
0.005761927569
4.796422786e-06
1.648632251e-05
0.006986965675
0.006831976026
0.0004159001329
0.0002412369535
0.0002415983659
0.0004226636086
0.004444158798
2.430253199e-05
0.0002151646144
0.0004345011878
1.011644139e-31
0.0007374192221
0.0006448706198
1.10514151e-31
0.0001459142676
-9.20047582e-05
0.0001450744147
0.0002952881806
-2.556678763e-05
0.0001776496485
6.054126053e-05
-0.0001157702031
-3.469779929e-05
-1.876930288e-05
0.000282301931
0.0001746873417
0.001670875376
0.001850064601
0.001874177291
0.001678057651
0.001687916825
0.001203231733
0.0001302166288
0.0008439887566
0.0005765690513
-8.08037936e-05
-2.6973154e-05
0.006725198227
-0.001811158774
0.001460957422
0.006090983703
0.003707132373
-0.001013581294
-0.0002669747599
0.0001623922937
0.002233602951
0.001111765883
0.001546316649
0.00222024149
0.002457010151
-0.0003134557994
0.001121015348
0.001205451019
0.004934576806
0.003972566814
0.00359478637
0.004237705683
0.005091313787
0.0001720697591
-7.700136737e-05
-2.951943021e-05
0.002594718504
0.002593104553
0.005214917709
0.000779984011
0.002754355035
0.00365952631
-5.054885419e-05
-3.119671006e-05
0.0009021668912
0.0004716841935
0.001600829807
1.111249939e-31
0.001839754302
0.001846902707
1.195804771e-31
0.0001310815021
-0.0001221742519
-7.281571123e-05
-0.0004935578639
-0.0004936162977
0.0001647219409
2.977088883e-05
0.0004281019608
0.0003600691937
-3.646191105e-05
-8.267994917e-05
1.565110261e-05
9.099892636e-05
0.0002757101055
0.001736303889
0.002486851162
0.002848699821
0.001479212856
0.0008281579199
0.001174285584
0.0003431353533
0.0004589260937
1.295136664e-05
-6.232324309e-05
0.001281540644
0.005265569158
0.00317756409
0.003829525786
0.0006343279785
-0.0004096487317
0.002388525967
0.002019950189
0.00129266552
0.003298769942
0.002019492278
0.001931038498
0.003388657378
0.004232497111
0.002397323624
0.004530736155
0.003327076893
8.050483738e-05
-5.559744358e-05
0.00422530733
0.002645431121
0.004094197321
-1.354014508e-05
5.974573305e-05
-9.080931531e-05
0.0005506268633
0.000579311766
4.742016779e-05
9.3075478e-05
-9.137415292e-05
0.001079756069
0.0002276118358
1.186133361e-31
0.001237782855
0.00174245903
1.228410591e-31
-0.0004346677015
-9.284110254e-05
0.0001318967951
-0.0001301958915
0.0003854453555
0.0005754398182
0.0001501999815
-0.0002971716271
5.061632331e-05
0.0002293104922
-0.0001861220315
-0.0002039737039
0.0007828268396
0.001522635564
0.0007440877583
0.001779818572
0.0008190073225
0.0004538077677
0.0001894424377
0.0004440150057
-2.886806795e-05
8.044963987e-05
0.0005782472976
0.001479884552
0.001919447454
0.003768712799
0.0007178601431
0.0001864125601
0.001114287271
0.001526945962
0.002463163831
0.002327602288
0.00493729878
0.00362212833
0.003876249833
0.003034309667
0.005103789654
-7.714322559e-05
-9.08154306e-05
0.003570599009
-2.410728122e-05
-0.000117390149
0.0006198582176
0.0001396068651
9.524420758e-05
-9.265937625e-05
0.001171367798
0.0004778508857
0.0004874919745
0.001694977538
1.231239606e-31
0.001477904816
1.114335436e-31
-0.0006609194126
-0.0002310136381
-0.0001813446704
-8.428753405e-05
-0.0003810072
-9.183840902e-05
-0.0003493556176
-5.866294744e-05
-0.0001806540299
-0.0004441123996
-0.0004453038287
-0.0001460731695
0.0005545634503
0.0005935696151
0.0003989541932
-0.0007834401395
0.0005715022692
-0.0001368787522
0.0002740399372
-2.432368973e-05
-9.13141464e-05
-6.381097914e-05
0.0005823529338
0.0004921809722
0.0005527145928
0.002652241146
0.003717722963
0.001677756165
0.001424576754
0.002703398198
0.002272650907
0.00241817855
0.002613487962
0.0003720103753
0.004142913189
-0.000200432405
-9.521559399e-05
-0.000181226844
0.0001612052883
8.291882866e-07
0.0006761195191
0.0005918557666
0.0006366205692
0.002300926919
-5.700444668e-05
1.107721113e-31
9.118678986e-32
-0.0002259940802
-0.0007847928894
1.249628279e-05
-0.0007269541556
-0.0002098450726
-9.155910056e-05
-0.0003056885339
-0.0001785589116
-0.0003120662506
4.421685273e-05
-0.0001856971061
-0.0005841937588
-0.0003073594166
0.001097680937
0.0001707540862
0.0001921803177
0.0005180017917
0.0001644297814
-0.0003941638567
-0.0001016891441
-9.268808709e-05
-0.0003092017454
-0.0007923174386
0.001318324466
0.001018969816
0.001427502353
0.0003150003391
0.001946984832
0.001896039679
0.002396654878
0.001671517917
0.001522788599
-0.0004045891448
-9.972893925e-05
-0.0002567691384
-4.594055861e-05
7.021162784e-05
-6.858259057e-05
-0.0001371313004
3.163605174e-06
0.001664825333
-0.0003471874072
-0.0002676795311
9.047307359e-32
6.621122292e-32
-0.0003689747225
-0.00137096769
-0.0009510401467
-0.0006457967154
-0.0004251250666
-0.0004993422378
-0.0004074477407
-0.0002990972885
-0.0005156302746
-1.915261944e-05
-4.723654401e-05
-5.995462148e-05
0.0006021794871
0.0004562415863
-0.00071858825
-0.0006863180458
0.0003928280665
-0.0001614855436
-9.52166486e-05
-0.0004261637363
0.0001988206076
0.0004039515798
0.0002765108798
0.0005022007335
0.0004860120623
0.001248490809
0.001334182392
0.0009969111478
0.0007618288185
-0.0005547041197
-0.0001075879362
-0.0004334430293
0.0003854706791
0.0002784289835
-0.00082274606
-0.0003161629399
-0.0002530387105
6.621188589e-32
4.343604703e-32
-0.001226089677
-0.001308347312
-0.0006129484958
-0.0009178607334
-0.0003605758237
-0.001316278242
-0.000747435347
-0.0002362994707
0.0005110971401
-0.0005248775194
-0.0004510789148
-0.0008048603588
-2.008646578e-05
0.0007698901894
0.0003846188383
0.0005397369929
-0.0002629389105
-9.96163341e-05
-0.0005265681989
0.0004755136777
0.0006173476225
0.0004050768411
0.0006806813601
0.0003606347944
6.887420423e-05
-0.001265803657
-0.0001215180594
-0.001082084324
-0.0007462009144
-0.001187504407
-0.0001557713803
-0.0007451143511
-0.0002579940942
-0.0005901077668
-0.0007821553903
4.347350254e-32
2.343165387e-32
-0.001569223994
-0.0008782605166
-0.000189949296
-0.001338579874
-0.001113066515
-0.000599969306
-0.0002557572073
-0.002234774618
0.0002287419128
0.001449370144
0.001998511712
0.0001505733308
-0.001104321155
-0.0006090930706
-0.001139042523
-0.0003735334343
-0.0001074753436
-0.001053316549
0.0006356953141
0.0003850055779
0.0004802368472
-0.002531127475
-0.0001467877052
-0.001861906338
0.00135570284
-0.001159951875
-0.0007213908677
-0.0004040072899
-0.0002109561173
-0.0008607273383
2.364881143e-32
4.73994544e-33
-0.0006652802954
-0.0006128756086
-0.001941885081
-0.001707322321
-0.0007909197184
-0.0009966049469
-0.0001508982556
-0.0001892830296
-0.000821046694
-0.0009298843573
0.000948831356
-0.00125456116
-2.431428409e-05
2.994138878e-05
-0.0008271113156
-0.0001212740007
-0.00133775731
0.0008821769631
-0.000466933261
-0.0001947684447
0.001109938038
-0.0007428619763
-0.000180093039
-0.0005244354472
4.990950778e-33
-1.399682094e-32
-0.001967145508
-0.0001407246086
-0.003066414993
-0.0002798537775
-0.001282181208
-5.137217184e-05
-0.001657550852
-0.002650870953
-0.001022938819
-0.0004479207879
-0.0005764687718
-6.39660365e-05
-0.0002175743736
-0.0001467867004
-0.001149899693
-0.001702382252
-0.001579149926
-0.0003025062586
-0.000744064532
-0.002840318423
-1.43552997e-32
-3.287934474e-32
-0.003728886805
-0.003788921895
-0.0006651637608
-0.0007348681263
-0.0008184765223
-0.002111239996
-0.001654732221
-0.003434537543
-0.0002541855526
-0.0011959995
-0.0009775935781
-0.001524396853
-0.0001953344861
-0.0008709084073
-0.001511645062
-0.0005820392312
-0.002513289641
-0.004316033055
-0.004013341625
-3.29781191e-32
-5.525902734e-32
-0.005717087527
-0.006442607838
-0.008941072108
-0.002969394688
-0.003337536024
-0.001948307102
-0.001325432528
-0.002630500134
-0.00201197436
-0.003059115948
-0.0006186688922
-0.001279262367
-0.001612636133
-0.002705147565
-0.0003029583944
-0.009027513114
-0.001386379518
-0.003721035189
-0.002828759433
-5.499052223e-32
-7.870883098e-32
-0.005185946712
-0.005920414629
-0.005898577684
-0.006679419579
-0.001841425417
-0.005709685356
-0.005753096413
-0.0005906814084
-0.001932808711
-0.003087375217
-0.003786254118
-0.001134694228
-0.00216643944
-0.002569171273
-0.003388542414
-0.009330934551
-0.004297433479
-0.004153909365
-7.887531298e-32
-1.01584875e-31
-0.006168900851
-0.004584705588
-0.007007601576
-0.006727497794
-0.004734870361
-0.00482402477
-0.001418600492
-0.004581906634
-0.002112096991
-0.003279890357
-0.001791052748
-0.002763189076
-0.003177987101
-0.006889220926
-0.0007428380387
-0.002900170854
-1.013031979e-31
-1.198576148e-31
-0.008691923715
-0.002202939002
-0.004364336922
-0.007509037092
-0.007318875503
-0.004423984745
-0.00359013777
-0.001313783291
-0.002119094212
-0.00289887332
-0.002637750775
-0.0004027386701
-0.002118161971
-1.190650792e-31
-0.0006678686268
-1.213980243e-31
-0.0001117664375
-0.004222711371
-0.002185381721
-0.0009260864493
-0.003467089285
-0.003023094384
-0.002970372855
-0.001878146009
1.11499979e-05
-0.0002296640092
0.0004227102058
0.0006480910513
-1.219234194e-31
-7.01359153e-05
-0.0002145397182
-0.002498313291
-1.151415817e-31
-0.001246689489
-0.005555791607
-0.0003948793395
-0.001203029954
-0.0005325858561
-0.0001442808766
0.0005269412926
-0.002848946237
-0.0006713124396
-1.147161822e-31
4.738963113e-05
-8.453150097e-05
-0.001381319127
-0.0009828541191
-1.05598997e-31
-0.002062851442
-0.0002287910182
-0.0002283336355
-9.73903844e-05
0.0003567653182
-0.0008786145001
-0.0009677988157
-1.063138684e-31
-0.003102761741
-0.0006895042259
-0.0007944260837
3.303813017e-05
0.0003667912085
-0.0006911616879
-9.615000089e-32
-0.0001447150074
-6.633931228e-05
-0.0001668186801
-0.0002030273385
0.0001019679103
-9.584496511e-32
0.0006220586983
-0.0001301459206
-0.0003335920576
-0.0004828612564
-0.0006862204834
-8.793529735e-05
-9.102636105e-32
-9.731901117e-05
-4.686098634e-05
-0.0008796325052
0.000687350776
-0.0001133109032
-0.0002999410226
0.0001082878164
-9.041429421e-32
0.0003301284361
-0.0003821222219
0.0007446140048
-0.0004748664882
8.68264519e-05
-3.298010574e-05
-8.445681058e-32
-6.63830938e-05
-0.00084419458
-0.0002757815196
-0.0008138044011
0.0001964411609
-0.0003166525209
-0.0007430420848
-8.520147621e-32
0.000356282914
-0.0005833162002
0.0002662377385
-9.751303957e-05
8.841814301e-05
-0.0004985989935
-2.269567503e-05
-8.157465178e-32
-4.66311341e-05
0.0003057693831
0.0004532178039
-7.397503952e-05
-0.0002548331122
0.0002877563351
-0.0004713827072
-8.122408362e-32
-0.0001475019367
-0.000501756525
-7.308482066e-05
-0.0002648081349
-0.0003556877752
-0.0001152241273
-1.435153893e-05
-7.946044047e-32
-3.291195244e-05
-0.0001041514404
2.330055464e-05
-2.269812477e-05
-0.0005246726021
0.0002337549439
-8.878036626e-05
-7.943034586e-32
-8.977422811e-05
-0.0001525421918
0.0001345060711
2.084165971e-05
-0.0001303782059
-3.256504796e-06
-7.014688352e-06
-7.866548115e-32
-0.0005133469615
-1.435677226e-05
-0.0002299276783
3.664087456e-05
0.0004812221852
-0.0006387476409
5.300968902e-05
2.669908739e-11
0.0002949745537
-7.013286444e-06
