-1
-1
-0.8338827006
-1
-1
-0.8368030735
-0.8406949307
-0.6636589966
-0.6638644471
-0.7523293992
-1
-1.565957097e-31
-0.1582102921
-0.4924552066
-0.5006432686
-0.3237040149
-0.8347892135
-1
-0.6660019336
-0.8451629611
-0.6742703154
-0.4925086262
-0.4941097501
-1
-1.591973354e-31
-1.562667614e-31
-0.1592342513
-0.158919789
-0.3236236497
-0.5027098454
-0.3250395386
-1
-1
-1
-1
-1
-0.7551425512
-0.8455611388
-1
-0.5054323774
-0.6815413611
-0.8406482306
-0.3250326479
-1
-1.646502911e-31
-1.594155842e-31
-0.1590484734
-0.1604755543
-0.3278373851
-0.5105670084
-0.7727871418
-0.7936044381
-1
-0.7735878411
-0.7729097684
-0.806687753
-0.8034144777
-1
-1
-1
-0.6612405425
-0.5499320447
-0.681161343
-0.841203957
-1
-0.3278918783
-0.5109446508
-0.6675363771
-0.8361251561
-0.1633599403
-1
-1.734638382e-31
-1.643063224e-31
-0.1618400698
-0.3281748517
-0.4971398817
-0.5911336577
-0.5491526519
-0.5864324358
-0.7728976955
-0.7727638067
-0.5488358265
-0.6151017395
-0.8272488104
-0.6643609466
-1
-0.7917404541
-0.806689466
-1
-0.4387976201
-0.3287425241
-0.5488573604
-1
-1
-1
-1
-1
-0.6518646899
-0.8146240448
-0.3391295071
-0.1664813873
-0.4958888701
-0.5619161144
-0.7441169409
-0.8228071471
-1.835859964e-31
-1.727306418e-31
-0.2009891073
-0.4076280059
-0.392401923
-0.3884053525
-0.3275821996
-0.3255273115
-0.4345168225
-0.5491579477
-0.5876283232
-0.5108845708
-0.6881705896
-0.8375115439
-0.5512207699
-1
-0.6184370216
-0.8142196499
-0.6355031563
-0.2187542415
-0.3275552762
-0.1092217475
-0.8132969395
-1
-0.8185586241
-1
-1
-0.8756040044
-0.8462918077
-1
-0.8407909825
-1
-0.8375221209
-1
-1
-1
-1
-1
-1
-1
-1
-0.7590688404
0.0004208655749
-0.875009632
-0.613432103
-0.2009609378
-0.4060858285
-1.840990292e-31
-0.4156095236
-0.6242947976
-1.998723747e-31
-0.2070811953
-0.1944518089
-0.1964831536
-0.259571882
-0.1084029111
-0.106993607
-0.3648674506
-0.3254780098
-0.3877646098
-0.4357436501
-0.4245709898
-0.6049438903
-0.7216075478
-0.8524870627
-0.4985010935
-1
-0.4644865926
-0.6476218183
-0.4874366009
-0.1082674829
0.1097232126
-0.6348665869
-0.8213714736
-0.6878958071
-0.8273202144
-0.8800208292
-0.7661908857
-0.7449399698
-0.6964082004
-0.8304869221
-0.6232409985
-0.8419583806
-1
-0.7039927958
-0.8448997858
-0.8816016907
-0.8438229863
-0.8191563068
-0.8578560876
-1
-0.8643563326
-1
-0.816478911
-0.6451992328
0.1101181221
0.3291185517
-0.7608596026
-0.7712897684
-1
-1
-1
-1
-0.6627771083
0.5501678781
-0.4155266744
-0.207197965
-1.999603105e-31
-0.4272699771
-0.2141663055
-2.179739303e-31
-0.002503957984
-0.08799035505
-0.001890029746
-0.2228722472
0.05308279974
-0.2689657878
-0.3062897788
-0.1069838855
-0.1916045144
-0.2579495716
-0.3001514137
-0.3629249632
-0.6433516716
-0.5537262332
-0.7436558169
-0.8601911996
-0.4707617277
-0.3917670265
-0.3360677712
-0.5508764505
-0.4240850054
0.1102050611
0.329736143
-0.6333273979
-0.514809663
-0.6048209606
-0.7356825004
-0.5441031106
-0.4936654341
-0.6345836976
-0.4258660894
-0.7440430706
-0.8598288335
-0.6431977861
-0.6953518079
-0.7600622848
-0.6956585352
-0.6810218367
-0.8480283735
-0.731310085
-0.6996263383
-0.8576726735
-0.5137486331
-0.5505732571
0.260072334
0.3291933719
0.5501759263
-0.641558716
-0.6409564938
-0.6628794931
-0.8647816974
-0.8522348699
-0.6059794833
0.5498214918
0.7736521007
-0.3146681248
-0.3066156084
-0.2149673689
-2.186813527e-31
-0.4270394473
-0.2201913631
-2.347090333e-31
0.08910821048
0.1902681337
0.1478954685
0.0562142576
-0.08365164738
0.1931489324
-0.1442642254
-0.1938875842
-0.2623551477
0.002365958852
0.1103166818
-0.08360238354
-0.1406521595
-0.1911667579
-0.5091627534
-0.6209724767
-0.7235584261
-0.4082947666
-0.3215951114
-0.498362406
-0.3088413574
-0.3999479475
0.3291088089
0.5498282089
-0.5531154827
-0.6168257608
-0.3671680724
-0.3827465252
-0.5170936705
-0.3226918269
-0.6661268961
-0.7402617643
-0.5735590556
-0.549033361
-0.5124875034
-0.6036358675
-0.6973525636
-0.6158399751
-0.6770866494
-0.4293136883
-0.4812652558
0.3900104176
0.7736560364
-0.5496228155
-0.5120121634
-0.5079504981
0.7732945828
0.5898266004
1
-0.2625955514
-0.2402811562
-0.1936088314
-0.2214692003
1
-0.4701256452
-0.1674670785
-2.33745828e-31
-0.2079592864
-0.2043957928
-2.399852157e-31
0.2629963684
0.3855166347
0.1984250238
0.03815413386
-0.08450082326
-0.1369390393
0.08908094888
0.1960836739
0.3281393026
0.01587325194
-0.04995711388
-0.08391503321
-0.454994678
-0.5511258041
-0.3090278049
-0.3781138511
-0.2436748677
-0.3911075013
-0.2398793264
-0.3142272567
0.7733077932
0.5482616695
-0.4854121918
-0.5173862388
-0.1988026347
-0.2980424187
-0.3872578902
-0.6425051606
-0.5851177116
-0.506748817
-0.3812668286
-0.3663846241
-0.5084747151
-0.461018502
-0.5635447653
-0.3578262455
-0.4043125837
0.5851098019
1
-0.4281445163
0.7931602837
0.7900253803
-0.1848359328
-0.1366688277
-0.1673120934
1
-0.4011172184
-0.1114784542
-0.09617800868
-0.4365244127
-2.402486734e-31
-0.2040040963
-2.189674674e-31
0.3456342432
0.4386713085
0.220380392
0.1288136696
0.02356067211
-0.0535417017
0.1682716967
0.2552247159
0.3908986025
0.08674439484
0.02362304572
-0.05341918424
-0.4091552347
-0.2825717311
-0.2030549784
-0.1222388651
-0.3213517767
-0.2437805175
-0.1845084378
0.7720504009
1
0.5892104005
-0.3633619108
-0.4362801569
-0.3786634988
-0.1552295921
-0.2360614811
-0.4777063206
-0.1982524901
-0.2969659279
-0.4419587541
-0.4025202253
-0.3486855061
-0.3323168515
-0.3041363231
0.6195833555
1
0.8065959482
-0.09591125492
-0.111074286
-0.3027392745
-0.05841543842
-0.04347282807
-0.3317698485
0.02821511367
-2.182935496e-31
-1.785294895e-31
0.3606228916
0.4805667818
0.2350675304
0.1888932407
0.108251373
0.0185499726
0.3221696548
0.2222359287
0.4320503077
0.1287242878
0.02835392667
0.1084510796
-0.008792178772
-0.2690149392
-0.1985867166
-0.1280089149
-0.04620491225
-0.2430496695
-0.1511069726
0.7921580297
1
0.6145380218
-0.3070271449
-0.3945591177
-0.2317568041
-0.1140060283
-0.1713124476
-0.1545112396
-0.2321338999
-0.3323098823
-0.3016373259
-0.2069379836
0.6449533543
1
0.8180143138
-0.042945573
-0.07122255085
-0.2347167553
0.004825914241
0.009752118044
-0.2510919117
0.0684665904
0.3444801352
-1.778244653e-31
-1.300519495e-31
0.5128128225
0.4583607021
0.2710272563
0.1333115711
0.216371195
0.4804587871
0.3605994171
0.2351564303
0.1888626646
0.0606146338
0.1325570657
-0.1871359278
-0.1246657533
0.03221157077
-0.0328636141
-0.170611595
-0.06725168053
0.8039769483
1
0.6449077307
-0.2680309227
-0.1981509151
-0.1449726795
-0.07774992074
-0.1203463434
-0.1140498552
-0.1723093607
-0.2321890252
-0.2062657717
0.6631777082
1
0.8253635735
0.009311961025
0.09526327171
0.3552133429
-0.05952971718
0.3444514464
-1.300868796e-31
-8.517571009e-32
0.5756407453
0.4425505012
0.2836805091
0.1981185882
0.5127793014
0.4583446569
0.2708232021
0.195824644
0.1003512245
-0.1049834122
-0.07573016769
0.1019208737
0.05238914773
-0.004610198136
-0.1235239903
0.01815917405
0.8180085325
1
0.6631204156
-0.1720209526
-0.07369031476
-0.04894016934
-0.07785815198
-0.1202342696
-0.1446007327
0.7029770114
1
0.8408835535
0.1623295651
0.3741113409
-0.03182001077
0.3551389379
0.1027569617
0.2261373644
0.5320858939
-8.521207049e-32
-4.568876595e-32
0.6294124613
0.4359695292
0.2855956058
0.5756690562
0.4425551246
0.2835562469
0.197516488
-0.03128122618
0.1675728301
0.0592292966
0.008991083462
-0.10535414
-0.05828123532
0.04804970427
0.1018588566
0.8253046304
1
0.7027647338
-0.02341011514
-0.04891156059
-0.0735585568
0.7369694984
1
0.8583188557
-0.009798349261
0.3740783497
0.1628584932
0.2878673836
0.5372388377
0.5320324688
-4.580295244e-32
-9.062073986e-33
0.6556705084
0.5295938719
0.4110293286
0.6235979187
0.4365099527
0.3151572549
0.2524062497
0.01119982103
0.2326525868
0.1332686643
0.05195109224
-0.03330897655
0.06189296696
0.1570758282
0.843286761
1
0.7315976752
-0.02354813828
0.8452449804
1
0.008918592719
0.2524499396
0.3546713249
0.5375687852
-9.333871275e-33
2.713553919e-32
0.6657866055
0.4981622801
0.6022516609
0.3805652177
0.4996448074
0.03580501641
0.1856843971
0.2880998742
0.09758764075
0.01171009075
0.13270902
0.05728334005
0.2322058404
1
0.8556504958
0.7101407004
0.8524757337
1
0.3546638067
0.4056338687
2.747320346e-32
6.452856644e-32
0.5380988198
0.6877175053
0.6645124409
0.4982882616
0.06531563395
0.2463453169
0.1505859151
0.3512219173
0.03597522533
0.1853108809
0.1001156561
0.2877370413
1
0.8455980649
0.8560865592
1
0.4053709444
0.4648594569
0.615975311
6.46176292e-32
1.077021616e-31
0.5508486823
0.6525129218
0.7563893721
0.6868223148
0.5378893243
0.8440791762
0.09737859812
0.3170655128
0.2054778632
0.4283358749
0.06517203506
0.15023099
0.2457468662
0.3463327134
1
0.8713826129
1
0.4485222529
0.6153906301
1.074726743e-31
1.544013802e-31
0.5216039346
0.6393574449
0.7544439629
0.7558015206
0.8492103285
0.6518672212
0.550389394
1
0.1418229486
0.2799166886
0.398300085
0.09717749659
0.2055148331
0.2912163186
0.3775648899
0.8802538689
1
0.4871114311
1.545443584e-31
2.000767043e-31
0.628848424
0.4969545375
0.7502397375
0.8676196321
0.7541115769
0.6384167739
1
0.5203784384
0.1872008625
0.3510972964
0.1362223406
0.2694718703
0.3976563361
0.8517930901
1
0.5491032352
1.99769898e-31
2.341377675e-31
0.702779942
0.3885233234
1
0.8697788715
0.7508133672
0.6271026325
0.4957775227
0.2089659347
0.1871578618
0.3506916061
0.817253915
1
0.5587874337
2.333343989e-31
0.2172873135
2.387506863e-31
0.6306673676
0.4012961553
0.8461634276
1
0.6486964157
0.520955197
0.3760287394
0.2059100442
0.8133049436
1
0.8520438706
0.311183153
2.392576965e-31
0.2224700805
0.2161214401
0.423976013
2.269551811e-31
0.6282413768
0.7070884398
1
0.5589528339
0.8221435893
1
0.8289616069
0.4313112071
0.2196595342
2.263907549e-31
0.4228302538
0.2075130964
0.4135879278
0.6183833875
2.087462958e-31
0.632819653
1
0.8177964768
1
0.841900831
0.3275635579
0.2086059171
2.094705637e-31
0.6436030046
0.4836129084
0.4037313992
0.2005228494
0.6085613687
0.8108268804
1.91064579e-31
1
1
0.8371830548
0.4203334923
0.2003899016
1.907705289e-31
0.629139244
0.4993744793
0.3295066451
0.1656663719
0.6697603619
0.8384997436
1.793018235e-31
1
1
0.8271271171
0.4108479159
0.6187225135
0.3350154013
0.1650255201
1.786799072e-31
0.6651542039
0.4945383814
0.3365617145
0.1648379683
0.8350094064
1
1.678476344e-31
1
0.8185309435
0.5070596324
0.678666112
0.2537686745
0.421650369
0.1653003785
1.685871394e-31
0.5065472865
0.6776627133
0.8387875167
0.3347963316
0.2874570805
0.1596230822
1
1.615847587e-31
1
0.8437309023
0.5927372008
0.8390898832
0.3350148976
0.50668899
0.1618740936
1.612582654e-31
0.5859741498
0.4172497384
0.7537293819
0.8429115949
0.3240092228
0.1584798873
1
1.575305388e-31
1
0.6773274949
0.8425791837
1
0.3298621474
0.4998736497
0.1584276674
1.574850269e-31
0.663977281
0.4929449649
0.8341567149
0.4921059505
0.3233414763
0.1580637879
1
1.5611728e-31
0.6707298315
1
0.8385780196
0.3315075672
0.499091098
0.6634841743
0.8334051621
1
0.7514454517
1
